4 0.6614942511801581 0.5665546716456898 0.6747126436781608 0.20683631983135065
7 0.49498187495598145 0.09848134270125922 0.099691422824383 0.08164965696311328
10 0.6672413801167277 0.16312276199365117 0.3390804581573477 0.3092300142749096
6 0.2567333599722773 0.7877277518446012 0.11871718810142194 0.10444210209305822
1 0.5672098443314918 0.8564540760726793 0.2655803113370153 0.2782678755613111
7 0.10977011494252871 0.256301761782864 0.09540229885057469 0.10648998644782416
7 0.19022988505747102 0.48747913188647773 0.14597701149425263 0.07517256965192336
7 0.42446970440930953 0.167779632721202 0.09557595993322203 0.08180300500834725
7 0.22488461160758128 0.5659432387312185 0.09744999836328513 0.07345575959933233
7 0.7913127270941765 0.6969949916527546 0.10588317129856946 0.10183639398998338
