7 0.5923013245033113 0.445364238410596 0.034768211920529805 0.02649006622516559
7 0.6817052980132451 0.5140728476821192 0.04221854304635769 0.044701986754966824
7 0.5525662251655629 0.2152317880794702 0.044701986754966824 0.026490066225165556
7 0.5289735099337749 0.29304635761589404 0.04966887417218544 0.0298013245033113
7 0.4066639072847682 0.2052980132450331 0.02855960264900659 0.03973509933774835
7 0.4079056291390728 0.13327814569536423 0.02359271523178812 0.034768211920529805
6 0.46378311258278143 0.47764900662251664 0.04097682119205302 0.018211920529801303
6 0.5724337748344371 0.5033112582781457 0.017384105960264976 0.03642384105960268
6 0.40604304635761596 0.3658940397350993 0.02731788079470199 0.02317880794701992
6 0.5072433774834437 0.35844370860927155 0.036009933774834406 0.03807947019867548
