1 0.5087064676616915 0.41459369817578773 0.22885572139303478 0.3316749585406302
7 0.6739864864864864 0.696911196911197 0.20415057915057916 0.13899613899613897
7 0.30694980837187485 0.7297296780930851 0.17664092379679094 0.1351352384084245
7 0.17374517374517373 0.23841698841698844 0.11872586872586872 0.05598455598455601
7 0.08687258687258687 0.32239382239382247 0.11872586872586874 0.05405405405405407
7 0.32360038610038616 0.15154440154440155 0.09121621621621621 0.07915057915057916
7 0.8556949806949808 0.19594594594594594 0.09845559845559833 0.08301158301158301
6 0.6971525096525096 0.2133204633204633 0.09990347490347502 0.1061776061776062
6 0.6891891891891894 0.3416988416988417 0.0781853281853283 0.08494208494208494
7 0.02533783783783784 0.08098723069121018 0.05067567567567568 0.04651974711178813
