1 0.9409886471144746 0.48028586770308607 0.11802270577104947 0.1513973765629393
10 0.30767374568162653 0.3281850700021046 0.26206563706563707 0.23552123552123547
6 0.6681686120841751 0.1882175458334394 0.06799745582858113 0.044388759620547565
6 0.7419359993863306 0.27220077220077155 0.06903781738218871 0.054054054054054015
6 0.7514478764478766 0.6998069498069498 0.12162162162162161 0.06756756756756759
7 0.23600386100386103 0.7596526903807664 0.3648648648648649 0.0366798981360496
7 0.23093629343629346 0.8059845559845559 0.36341698841698844 0.03281853281853287
7 0.3228764478764479 0.6138996138996139 0.277992277992278 0.027027027027027018
7 0.32649613899613894 0.6611969111969113 0.23889961389961392 0.04440154440154437
7 0.375 0.5907335907335907 0.2519305019305019 0.034749034749034846
7 0.3518339768339769 0.4768339768339769 0.25772200772200776 0.046332046332046344
7 0.7485521235521236 0.61003861003861 0.23455598455598461 0.08880308880308889
7 0.7695463320463322 0.48262548262548255 0.18388030888030868 0.08880308880308874
7 0.8028474903474904 0.3484555984555985 0.22442084942084933 0.05598455598455601
6 0.3561776066854874 0.9054052504954714 0.1911196911196911 0.054054054054054036
6 0.375 0.9729729729729729 0.1505791505791506 0.04247104247104247
7 0.5575331125827816 0.2947019867549669 0.02731788079470199 0.059602649006622495
7 0.8741721854304637 0.6978476821192057 0.049668874172185046 0.03807947019867555
