7 0.28358208955223885 0.3291873963515755 0.05721393034825873 0.04809286898839133
7 0.8177860696517414 0.587893864013267 0.060945273631840706 0.05804311774461027
7 0.7922885572139304 0.41044776119403 0.0646766169154229 0.04145936981757878
7 0.4483830845771145 0.13184079601990054 0.04601990049751237 0.03814262023217248
4 0.7123552123552125 0.7886100386100386 0.2635135135135137 0.1525096525096525
4 0.30550193050193053 0.6698841698841699 0.15057915057915064 0.14671814671814665
10 0.09628378378378379 0.5202702702702703 0.1867760617760618 0.3339768339768339
6 0.6486486486486487 0.4305019305019304 0.08397683397683409 0.0888030888030888
6 0.5291988416988417 0.49613899613899615 0.06225868725868729 0.09266409266409269
6 0.4213320463320464 0.2828185328185328 0.05791505791505792 0.08687258687258687
6 0.4075772200772201 0.3677606177606178 0.05646718146718151 0.07528957528957526
6 0.9027509652509653 0.9092664092664093 0.11148648648648646 0.14285714285714277
