1 0.4657960199004973 0.5597014925373132 0.10572139303482585 0.21061359867329976
1 0.5827114427860696 0.566334991708126 0.09328358208955223 0.19734660033167495
1 0.48507462686567165 0.796849087893864 0.1293532338308458 0.23051409618573784
7 0.7109073359073359 0.09073359073359073 0.05791505791505784 0.06563706563706564
7 0.6175193050193051 0.04054054054054054 0.05357142857142854 0.06563706563706564
7 0.2946428571428572 0.611969111969112 0.041988416988416974 0.050193050193050086
7 0.35038610038610046 0.6216216216216216 0.03185328185328182 0.054054054054054106
7 0.3590733590733591 0.4227799227799228 0.0376447876447876 0.046332046332046344
6 0.5791505791505792 0.2818532818532818 0.04922779922779924 0.042471042471042504
6 0.5603281853281854 0.4140926640926641 0.05501930501930495 0.044401544401544445
6 0.48431467181467186 0.14961389961389962 0.04777992277992283 0.0637065637065637
