11 0.38151544401544407 0.8243243243243242 0.3836872586872587 0.15830115830115843
7 0.32070463320463316 0.5704633204633205 0.23310810810810814 0.07915057915057908
1 0.5386100386100386 0.5945945945945945 0.21138996138996136 0.17374517374517373
7 0.596525097439283 0.2384161622306728 0.21718146718146716 0.07915057915057912
6 0.8607625482625483 0.30212355212355213 0.13754826254826255 0.0405405405405406
7 0.8513513507418939 0.41216298834847775 0.21718146718146716 0.04054054054054049
6 0.8607625482625483 0.3677606177606178 0.18388030888030898 0.03667953667953661
7 0.8064671814671814 0.6361003861003861 0.15926640926640928 0.04054054054054049
7 0.8252895752895754 0.7017374517374517 0.1882239382239382 0.025096525096525112
7 0.8100868725868726 0.7451737451737452 0.21573359073359058 0.027027027027027088
