1 0.3799758745476477 0.7623642943305192 0.06755126658624819 0.23803779654201862
1 0.46743063932448736 0.48894250100522696 0.07599517490952949 0.14475271411338952
1 0.540410132689988 0.4672295938882186 0.04583835946923979 0.14957780458383585
1 0.38480096501809413 0.5572979493365501 0.057901085645355795 0.13027744270205063
11 0.08397683341816449 0.1273192770232565 0.16795366683632898 0.08899078958283053
1 0.3076737452753215 0.41698841698841704 0.12306949786634554 0.16602316602316608
1 0.3778957528957529 0.3156370656370656 0.05212355212355206 0.1563706563706564
6 0.5364382239382239 0.33494208494208494 0.05357142857142854 0.09073359073359083
6 0.35979729729729726 0.20366795366795365 0.09990347490347495 0.0444015444015444
7 0.82746138996139 0.3416988416988417 0.05067567567567565 0.050193050193050225
6 0.5205115830115831 0.1718146718146718 0.06225868725868729 0.07335907335907335
6 0.41698841698841704 0.15154440154440155 0.046332046332046344 0.06756756756756754
6 0.38875482625482627 0.03474903474903475 0.03909266409266408 0.03861003861003861
6 0.6124517374517374 0.23938223938223938 0.043436293436293384 0.07335907335907337
