7 0.14478764478764483 0.5444015444015444 0.049227799227799254 0.030888030888030826
7 0.19908301148143528 0.5752893171063517 0.053571428571428575 0.030888030888030896
6 0.44884169884169883 0.48262548262548266 0.07239382239382237 0.0733590733590733
6 0.33663127413127414 0.5144787644787645 0.05646718146718143 0.05212355212355213
7 0.5777027027027027 0.32528957528957525 0.06949806949806955 0.032818532818532836
7 0.5125482625482626 0.2886100386100386 0.06081081081081081 0.05212355212355213
4 0.87017374938916 0.4333969088480123 0.254826246192272 0.14092880966571927
6 0.5161679536679538 0.7731660231660231 0.07094594594594597 0.09073359073359072
6 0.47707528957528966 0.8677606177606179 0.06515444015444011 0.08301158301158296
7 0.2055984555984556 0.8185328185328186 0.05791505791505792 0.07335907335907323
7 0.14333976833976833 0.7693050193050192 0.05791505791505792 0.04054054054054049
7 0.10424710424710426 0.7133204633204633 0.06660231660231661 0.04054054054054063
7 0.35762548262548266 0.7818532818532818 0.15057915057915064 0.11196911196911202
6 0.41192084942084944 0.6389961389961389 0.07673745173745175 0.046332046332046274
6 0.3141891891891892 0.666988416988417 0.0752895752895753 0.05598455598455594
