1 0.4423262553341363 0.7162161129429268 0.07963320463320464 0.07722007722007732
1 0.7101833974802452 0.5936294985392778 0.09990347490347475 0.059845559845559816
1 0.5632239382239382 0.916988416988417 0.05212355212355213 0.10038610038610031
2 0.38441119691119696 0.8079150579150578 0.09700772200772206 0.06756756756756759
7 0.6652992277992279 0.5028957528957528 0.10279922779922793 0.03667953667953661
7 0.8578667953667954 0.5154440154440155 0.12886100386100396 0.046332046332046344
7 0.4995173745173746 0.5743243243243243 0.06949806949806955 0.025096525096525112
7 0.4973455598455599 0.6303088803088803 0.0854247104247105 0.0328185328185328
7 0.6515444015444015 0.6573359073359074 0.06370656370656377 0.02509652509652497
4 0.7224903463730087 0.7094587107281111 0.26351351351351365 0.06756813557065958
7 0.7014961389961392 0.7944015444015444 0.2620656370656372 0.06370656370656377
