11 0.13392857147935952 0.22007703934896358 0.25916988427146037 0.17374553520168687
1 0.4452220080775246 0.8204633204633203 0.07673745102641776 0.23938223938223938
1 0.5335424713979878 0.4720077220077219 0.10569497998394665 0.18725868725868713
1 0.6689189187157666 0.4092666416313106 0.09555984596615107 0.20463273990340236
10 0.4003378378378379 0.44884169884169883 0.1375482625482625 0.18339768339768342
1 0.4966216220279268 0.275096525096525 0.10424710343449434 0.1718146718146717
6 0.6891891891891894 0.24324324324324323 0.0781853281853283 0.05791505791505795
6 0.6928088803088803 0.1891891891891892 0.07094594594594597 0.04633204633204631
6 0.4285714285714286 0.1583011583011583 0.06081081081081074 0.04633204633204633
6 0.34531853281853286 0.2625482625482626 0.06515444015444011 0.07335907335907337
6 0.5168918918918919 0.041505791505791506 0.0637065637065637 0.0637065637065637
6 0.5103764480796006 0.12644782481123168 0.0883204629141582 0.08687269014587626
6 0.6631274131274132 0.0888030888030888 0.06660231660231666 0.057915057915057924
6 0.7601351351351352 0.05888030888030889 0.06949806949806941 0.0637065637065637
6 0.6392374517374517 0.027027027027027025 0.07963320463320457 0.05405405405405405
