11 0.31346525096525096 0.3204633204633205 0.22442084942084947 0.22779922779922782
10 0.7833011583011583 0.48166023166023164 0.08687258687258705 0.1911196911196911
7 0.6435810810810811 0.4266409266409266 0.033301158301158366 0.054054054054054036
7 0.6319980694980696 0.28378378378378377 0.033301158301158366 0.05405405405405407
7 0.8187741312741313 0.39382239382239376 0.024613899613899547 0.04247104247104254
7 0.8064671814671814 0.6071428571428572 0.02895752895752892 0.04054054054054049
1 0.7485521235521236 0.6862934362934362 0.07239382239382251 0.16409266409266407
1 0.6131756756756753 0.6766407975493148 0.07963320463320449 0.18339794158090697
10 0.5668436293436294 0.7924710424710426 0.05067567567567565 0.16409266409266407
7 0.7398648648648648 0.23069498069498068 0.08108108108108113 0.12162162162162161
