1 0.4510135135135134 0.704632946449981 0.07384169884169886 0.12741312741312727
10 0.6254826254826255 0.7220077220077221 0.07528957528957526 0.2664092664092662
4 0.13899613899613897 0.5077220077220077 0.14189189189189186 0.12355212355212351
7 0.40106177606177595 0.23262548262548266 0.043436293436293384 0.052123552123552096
7 0.288127412721108 0.30308895799873725 0.040540540540540564 0.04247104247104243
7 0.35111003861003853 0.3079150579150579 0.030405405405405404 0.03281853281853287
7 0.45463320463320456 0.4015444015444015 0.03474903474903471 0.03861003861003859
7 0.6508204633204633 0.3967181467181467 0.03909266409266408 0.0328185328185328
7 0.6153474903474903 0.38610038610038605 0.03185328185328182 0.023166023166023137
7 0.5625 0.5501930501930502 0.02750965250965244 0.03474903474903471
6 0.45173745087405337 0.5598454823905928 0.09555984464565888 0.06563722054699986
6 0.36558880308880304 0.6447876447876447 0.08252895752895753 0.03861003861003866
7 0.3511100381021572 0.7123553156285019 0.03909266409266408 0.03861003861003866
7 0.2396235521235521 0.6698841698841699 0.0333011583011583 0.023166023166023137
