7 0.2810615199034982 0.490550864495376 0.04101326899879375 0.028950542822677932
7 0.23281061519903498 0.862887012464817 0.057901085645355836 0.04664254121431441
6 0.3256936067551267 0.5379975874547648 0.043425814234016966 0.10132689987937277
11 0.6233108108108106 0.6418918918918919 0.27654440154440146 0.2065637065637064
1 0.37210424756134036 0.865830038375149 0.11003860912442373 0.12162177653155584
7 0.12451737451737445 0.5077219302670406 0.052123552123552096 0.030888185797965068
7 0.12524131274131275 0.49131274131274133 0.004343629343629356 0.0019305019305019754
10 0.28812741399081143 0.6756756756756753 0.1389961372693423 0.18146718146718133
10 0.78257722007722 0.32625482625482616 0.16650579150579148 0.09266409266409262
7 0.47562741282268456 0.3465253030716753 0.04198841759787493 0.05212313903039431
