1 0.6776061779109067 0.7953664339102818 0.19401544523435954 0.21621673258266355
7 0.32722007722007723 0.6679536679536678 0.14768339768339772 0.04247104247104247
7 0.6110038613085897 0.6061771930844483 0.1911196911196911 0.06949806949806941
6 0.566119695538259 0.18050105267896996 0.15926641769724015 0.09073359073359061
6 0.6131756756756757 0.29247104247104244 0.17519305019305015 0.08687258687258687
6 0.6414092664092663 0.4749034749034749 0.20559845559845555 0.11969111969111972
6 0.388754827270589 0.5202703735435598 0.15202702702702703 0.09073359073359072
6 0.42205598455598464 0.20077220077220076 0.1230694980694981 0.11196911196911197
7 0.31563706665282837 0.7693048643950852 0.277992277992278 0.05984555984555996
1 0.47273166023166024 0.36679536679536684 0.09121621621621621 0.20849420849420855
