7 0.6435810810810811 0.5801158301158301 0.2707528957528958 0.059845559845559816
7 0.32142857234275796 0.6554052504954713 0.21428571428571433 0.07142857142857154
4 0.7572393822393824 0.36486486486486486 0.37065637065637075 0.10038610038610042
7 0.7014961389961392 0.4662162162162163 0.28812741312741325 0.05212355212355213
10 0.6674710435883814 0.8050193050193051 0.11872586872586874 0.2586872586872587
7 0.29898648648648646 0.48552123552123555 0.236003861003861 0.05212355212355206
7 0.32794401544401547 0.4305019305019304 0.17808880308880304 0.050193050193050155
7 0.6428571428571429 0.1862934362934363 0.18822393822393826 0.0444015444015444
7 0.6558880308880309 0.29054054054054057 0.19111969111969102 0.04054054054054053
7 0.3047779922779923 0.3725868725868726 0.22152509652509653 0.046332046332046274
7 0.30260617760617764 0.3001930501930502 0.1621621621621622 0.05984555984555986
