1 0.9285714285714286 0.47200772200772206 0.14285714285714277 0.16795366795366795
10 0.30767374568162653 0.3281850700021046 0.26206563706563707 0.23552123552123547
6 0.7159749034749034 0.1998069498069498 0.16361003861003864 0.06756756756756759
6 0.736969111969112 0.2722007722007722 0.1534749034749035 0.05405405405405407
6 0.7514478764478766 0.6998069498069498 0.12162162162162161 0.06756756756756759
7 0.23600386100386103 0.7596526903807664 0.3648648648648649 0.0366798981360496
7 0.23093629343629346 0.8059845559845559 0.36341698841698844 0.03281853281853287
7 0.3228764478764479 0.6138996138996139 0.277992277992278 0.027027027027027018
7 0.32649613899613894 0.6611969111969113 0.23889961389961392 0.04440154440154437
7 0.375 0.5907335907335907 0.2519305019305019 0.034749034749034846
7 0.3518339768339769 0.4768339768339769 0.25772200772200776 0.046332046332046344
7 0.7485521235521236 0.61003861003861 0.23455598455598461 0.08880308880308889
7 0.7695463320463322 0.48262548262548255 0.18388030888030868 0.08880308880308874
7 0.8028474903474904 0.3484555984555985 0.22442084942084933 0.05598455598455601
6 0.3561776066854874 0.9054052504954714 0.1911196911196911 0.054054054054054036
6 0.375 0.9729729729729729 0.1505791505791506 0.04247104247104247
