7 0.691361003861004 0.22683397683397682 0.461872586872587 0.15250965250965248
7 0.6768822386712054 0.3223937707571777 0.5313706563706563 0.14285714285714285
7 0.25265444015444016 0.3272200772200772 0.17229729729729737 0.07142857142857145
7 0.7492760617760618 0.5772200772200772 0.28523166023166024 0.10038610038610045
7 0.7413127413127414 0.6727799227799227 0.23455598455598456 0.07142857142857154
7 0.5089285714285715 0.8677606177606176 0.3315637065637066 0.15637065637065647
7 0.8513513513513514 0.9227799227799227 0.14189189189189194 0.08494208494208479
7 0.7623069498069498 0.45077220077220076 0.20415057915057916 0.08687258687258684
10 0.35617760617760624 0.6418918918918919 0.4922779922779923 0.6042471042471043
10 0.6732751080428311 0.8793434486153725 0.32719495765951145 0.2413131027692544
