11 0.7333494211541495 0.4285704991118233 0.18967181528127214 0.1081099670273181
1 0.6319980694980696 0.44498056588908325 0.09121621621621627 0.09459485277781819
10 0.5538127413127413 0.48455598455598453 0.08252895752895753 0.10810810810810821
1 0.443050193050193 0.8378378378378379 0.05212355212355213 0.1583011583011583
1 0.3887548266103433 0.6766409266409267 0.0651544394434063 0.09459459459459457
6 0.46694015444015446 0.6361003861003861 0.02461389961389962 0.05212355212355206
6 0.5161679536679538 0.6409266409266408 0.041988416988416974 0.030888030888030896
6 0.5053088803088803 0.38513513513513514 0.0376447876447876 0.0328185328185328
7 0.49372586872586877 0.553088803088803 0.04343629343629352 0.04826254826254818
7 0.4604247104247105 0.4353281853281853 0.05791505791505792 0.07528957528957533
