1 0.44594594594594594 0.7924710424710423 0.05791505791505799 0.10617760617760624
1 0.5386100388131912 0.6177606177606179 0.06370656370656377 0.06177606177606179
1 0.30550193050193053 0.5637065637065638 0.05791505791505795 0.06177606177606172
10 0.4625965250965251 0.38996138996138996 0.044884169884169864 0.10038610038610045
7 0.5436776061776062 0.48648648648648646 0.06515444015444018 0.02316602316602321
7 0.5451254825239064 0.5135133069669346 0.06515444015444018 0.02316602316602321
7 0.4517374517374517 0.5173745173745175 0.0376447876447876 0.027027027027027088
7 0.5552606177606179 0.5444015444015444 0.11727799227799224 0.027027027027026945
7 0.6472007722007723 0.6611969111969112 0.11583011583011583 0.02895752895752892
7 0.688465250965251 0.5984555984555985 0.10569498069498075 0.027027027027026945
