1 0.5197876447876447 0.3137065637065637 0.10135135135135137 0.23745173745173745
7 0.8404922762654812 0.5289560831314768 0.2591698841698842 0.08108108108108106
7 0.2765444015444015 0.37451737451737444 0.16505791505791503 0.2934362934362934
7 0.26134169884169883 0.6274131274131274 0.1346525096525097 0.20849420849420852
10 0.42060810897150647 0.8194980178614243 0.1549227788054408 0.15637065637065628
10 0.5103764478764478 0.8204629073701625 0.14913127413127414 0.21621704240253142
10 0.5429536679536681 0.6776061776061776 0.10424710424710419 0.14285714285714285
6 0.5168918918918919 0.5974903474903475 0.16216216216216217 0.05212355212355213
7 0.18027317754090064 0.9087435637661849 0.1491563936918399 0.18042149046673273
6 0.3945463320463321 0.45656370656370654 0.0883204633204634 0.10231660231660228
