1 0.406094527363184 0.7487562189054724 0.13059701492537298 0.26036484245439434
1 0.40485074626865625 0.5140961857379769 0.13308457711442778 0.1625207296849088
7 0.5965250965250966 0.08397683397683398 0.049227799227799164 0.06756756756756759
11 0.7630308880308881 0.6679536679536681 0.24903474903474895 0.32818532818532825
0 0.6457654561934243 0.7156925961663206 0.10427222248717789 0.5665234256664602
0 0.19184362934362936 0.28281853281853286 0.1867760617760618 0.1563706563706564
7 0.18315637065637067 0.14864864864864866 0.08542471042471042 0.09266409266409266
6 0.277992277992278 0.1583011583011583 0.08687258687258691 0.0888030888030888
6 0.47779922779922784 0.15637065637065636 0.05212355212355213 0.08494208494208494
7 0.6167953662366973 0.32915086315212505 0.06660231771965584 0.07915001114748708
