1 0.41264478774636393 0.8648643484984175 0.11583011583011583 0.22393822393822405
1 0.23021235521235522 0.7374517374517374 0.11583011583011583 0.16216216216216225
1 0.4278474903474904 0.5 0.06515444015444011 0.14671814671814665
10 0.3692084946655874 0.6293436293436293 0.07528957498484634 0.1621621621621622
7 0.33663127413127414 0.17664092664092665 0.09700772200772204 0.08301158301158301
7 0.5762548262548263 0.04247104247104247 0.1013513513513513 0.0694980694980695
7 0.6826737467989656 0.12451721960744036 0.12596525096525085 0.09073359073359075
6 0.5371621621621622 0.22104247104247104 0.07818532818532815 0.0945945945945946
4 0.15854247469921692 0.5241313774045636 0.17229729729729726 0.140926640926641
6 0.574083012192469 0.4787650467675707 0.14623552123552122 0.08108108108108113
